Homes:
  2f743db9-a916-3145-9b53-c628e038f8ad:
    X: 958.6662883547399
    Y: 63.0
    Z: -1166.3267402162187
    Yaw: -238.44164
    Pitch: 29.195621
    World: world
  42e1c43e-8966-3dee-9d53-94807b81117b:
    X: 955.3778320893013
    Y: 63.5625
    Z: -1169.5653917185725
    Yaw: -285.60062
    Pitch: 41.46127
    World: world
  e8528ca0-96c1-3802-a39c-fc2a33c14ea3:
    X: 1268.9686649927635
    Y: 67.0
    Z: -927.2682311610249
    Yaw: 58.297974
    Pitch: 29.849577
    World: world
  f1dc2463-2d59-3853-a8f4-687c879daf45:
    X: 1268.8176345570887
    Y: 77.0
    Z: -955.4814303848558
    Yaw: 124.29767
    Pitch: 24.200176
    World: world
